q1_answer=-(18/5)+(13^2)-(4*70)/(33*14);
q1_answer=164.7939;